2299
2301
2302
2303
2305
2307
2308
2309
2311
2312
2316
2317
2318
2319
2320
2321
2323
2324
2325
2326
2327
2328
2329
2331
2332
2333
2335
2336
2337
2338
2339
2342
2343
2344
2345
2346
2348
2349
2350
2351
2352
2353
2354
2355
2356
2358
2359
2360
2361
2362
2363
2364
2530
2531
2532
2533
2534
2535
2536
2537
2538
2539
2540
2541
2542
2543
2545
2546
2547
2548
2549
2550
2551
2552
2554
2555
2556
2557
2558
2560
2561
2563
2564
2565
2566
2568
2570
2571
2572
2574
2575
2576
2577
2579
2580
2581
2582
2583
2587
2588
2591
2592
2593
2594
2595
2596
2597
2598
2600
2602
2603
2604
2605
2608
2609
2611
2613
2614
2615
2616
2617
2618
2621
2622
2624
2626
2627
2628
2630
2631
2632
2633
2634
2635
2636
2638
2640
2641
2642
2643
2644
2645
2646
2648
2649
2651
2652
2653
2654
2655
2657
2658
2659
2660
2661
2662
2663
2664
2666
2667
2668
2669
2671
2673
2674
2675
2676
2677
2679
2682
2683
2684
2685
2686
2688
2689
2690
2691
2692
2693
2694
2696
2698
2699
2700
2701
2703
2704
2707
2708
2711
2715
2718
2719
2720
2721
2722
2723
2724
2725
2728
2731
2732
2733
2735
2737
2738
2740
2743
2745
2746
2747
2752
2753
2754
2757
2758
2759
2760
2761
2762
2768
2769
2770
2771
2772
2773
2774
2775
2778
2779
2780
2781
2782
2784
2785
2786
2787
2788
2789
2790
2793
2794
2795
2796
2797
2798
2799
2800
2802
2803
2804
2805
2806
2807
2808
2809
2810
2811
2813
2814
2816
