2300
2301
2303
2304
2306
2309
2310
2312
2313
2314
2315
2316
2317
2318
2319
2321
2322
2323
2324
2325
2326
2327
2329
2330
2332
2334
2335
2336
2337
2338
2339
2340
2341
2342
2349
2351
2353
2354
2355
2357
2358
2360
2361
2363
2364
2365
2366
2367
2368
2369
2370
2371
2372
2373
2374
2375
2376
2377
2378
2379
2380
2381
2382
2383
2384
2385
2386
2387
2388
2389
2390
2391
2392
2393
2394
2395
2396
2397
2398
2399
2400
2401
2402
2403
2404
2405
2406
2407
2408
2409
2410
2411
2412
2413
2414
2415
2416
2417
2418
2419
2420
2421
2422
2423
2424
2425
2426
2427
2428
2429
2430
2431
2432
2433
2434
2435
2436
2437
2438
2439
2440
2441
2442
2443
2444
2445
2446
2447
2448
2449
2450
2451
2452
2453
2454
2455
2456
2457
2458
2459
2460
2461
2462
2463
2464
2465
2466
2467
2468
2469
2470
2471
2472
2473
2474
2475
2476
2477
2478
2479
2480
2481
2482
2483
2484
2485
2486
2487
2488
2489
2490
2491
2492
2493
2494
2495
2496
2497
2498
2499
2500
2501
2502
2503
2504
2505
2506
2507
2508
2509
2510
2511
2512
2513
2514
2515
2516
2517
2518
2519
2520
2521
2522
2523
2524
2525
2526
2527
2528
2529
2531
2533
2535
2536
2538
2539
2540
2542
2544
2545
2546
2548
2549
2550
2551
2552
2553
2554
2556
2558
2559
2561
2562
2563
2566
2567
2569
2571
2572
2573
2574
2577
2578
2580
2581
2582
2583
2584
2585
2586
2587
2588
2589
2590
2591
2592
2596
2599
2601
2603
2606
2607
2608
2609
2610
2611
2612
2613
2615
2618
2619
2620
2621
2622
2623
2625
2626
2627
2628
2629
2630
2631
2632
2633
2637
2638
2639
2641
2643
2644
2645
2647
2650
2651
2654
2656
2659
2660
2661
2662
2665
2667
2668
2669
2670
2672
2674
2676
2677
2678
2679
2680
2681
2682
2683
2684
2685
2687
2688
2690
2692
2693
2694
2695
2696
2697
2698
2700
2701
2702
2703
2705
2706
2707
2709
2710
2712
2713
2714
2716
2717
2718
2720
2721
2723
2724
2726
2727
2729
2730
2732
2733
2734
2735
2736
2737
2739
2740
2741
2742
2743
2744
2745
2746
2747
2748
2749
2750
2751
2752
2753
2755
2756
2757
2758
2760
2763
2764
2765
2766
2767
2768
2771
2772
2773
2775
2776
2777
2779
2781
2783
2785
2786
2787
2788
2789
2791
2792
2793
2794
2795
2797
2800
2801
2803
2804
2805
2806
2808
2809
2811
2812
2814
2815
2816
