2299
2300
2301
2302
2303
2304
2305
2306
2307
2308
2310
2311
2313
2314
2315
2316
2318
2320
2322
2328
2329
2330
2331
2333
2334
2336
2339
2340
2341
2343
2344
2345
2346
2348
2350
2352
2354
2356
2357
2358
2359
2361
2362
2363
2364
2365
2366
2367
2368
2369
2370
2371
2372
2373
2374
2375
2376
2377
2378
2379
2380
2381
2382
2383
2384
2385
2386
2387
2388
2389
2390
2391
2392
2393
2394
2395
2396
2397
2398
2399
2400
2401
2402
2403
2404
2405
2406
2407
2408
2409
2410
2411
2412
2413
2414
2415
2416
2417
2418
2419
2420
2421
2422
2423
2424
2425
2426
2427
2428
2429
2430
2431
2432
2433
2434
2435
2436
2437
2438
2439
2440
2441
2442
2443
2444
2445
2446
2447
2448
2449
2450
2451
2452
2453
2454
2455
2456
2457
2458
2459
2460
2461
2462
2463
2464
2465
2466
2467
2468
2469
2470
2471
2472
2473
2474
2475
2476
2477
2478
2479
2480
2481
2482
2483
2484
2485
2486
2487
2488
2489
2490
2491
2492
2493
2494
2495
2496
2497
2498
2499
2500
2501
2502
2503
2504
2505
2506
2507
2508
2509
2510
2511
2512
2513
2514
2515
2516
2517
2518
2519
2520
2521
2522
2523
2524
2525
2526
2527
2528
2529
2530
2531
2532
2534
2537
2538
2541
2543
2544
2545
2546
2547
2553
2555
2557
2558
2559
2560
2561
2562
2563
2564
2565
2567
2568
2569
2570
2572
2573
2574
2575
2576
2578
2579
2580
2581
2584
2585
2586
2589
2590
2593
2594
2595
2597
2598
2599
2600
2601
2602
2604
2605
2606
2607
2608
2610
2612
2613
2614
2615
2616
2617
2618
2619
2620
2621
2622
2623
2624
2625
2626
2627
2628
2629
2630
2631
2632
2633
2634
2635
2636
2637
2639
2640
2642
2646
2647
2648
2649
2650
2652
2653
2655
2656
2657
2658
2661
2663
2664
2665
2666
2668
2670
2671
2672
2673
2674
2675
2678
2679
2680
2681
2684
2686
2687
2689
2691
2693
2695
2696
2697
2699
2702
2704
2705
2706
2707
2708
2709
2710
2711
2712
2713
2714
2715
2716
2717
2719
2722
2724
2725
2726
2727
2728
2729
2730
2731
2733
2734
2736
2737
2738
2739
2741
2742
2743
2744
2745
2746
2748
2749
2750
2751
2754
2755
2756
2759
2761
2762
2763
2764
2765
2766
2767
2768
2769
2770
2772
2774
2775
2776
2777
2778
2779
2780
2782
2783
2784
2785
2786
2787
2789
2790
2791
2792
2793
2796
2797
2798
2799
2800
2801
2802
2806
2807
2809
2810
2812
2813
2814
2815
